1640 .1254
2664 .1374
3709 .1256
4712 .1396
5757 .1344
6760 .1390
7780 .1429
8830 .1382
9833 .1340
10858 .1274
11902 .1308
12927 .1337
13951 .1313
14974 .1359
15999 .1398
17002 .1353
18047 .1390
19067 .1348
20095 .1415
21119 .1418
22142 .1409
23167 .1401
24191 .1398
25215 .1454
26239 .1359
27263 .1391
28282 .1452
29311 .1478
30335 .1621
31358 .1522
32383 .1582
33407 .1630
34430 .1588
35454 .1530
36479 .1689
37503 .1466
38526 .1448
39550 .1547
40575 .1659
41598 .1744
42622 .1735
43647 .1656
44671 .1558
45695 .1738
46719 .1771
47743 .1822
48767 .1824
49791 .1757
50815 .1700
51839 .1805
52863 .1663
53887 .1723
54911 .1810
55935 .1781
56959 .1879
57982 .1763
59006 .1821
60030 .1866
61055 .1845
62078 .1821
63103 .1797
64127 .1886
65152 .1980
66175 .1812
67200 .1780
68223 .1983
69248 .1785
70267 .1936
71295 .2079
72319 .1791
73344 .1861
74368 .1806
75392 .1900
76415 .1827
77440 .1816
78464 .1940
79487 .2083
80512 .2016
81536 .1957
82559 .2103
83584 .2046
84608 .2032
85632 .2068
86656 .2018
87680 .2076
88704 .1991
89723 .2012
90752 .2077
91776 .2023
92800 .2137
93823 .2134
94848 .2096
95872 .2063
96896 .2209
97898 .2138
98944 .2079
99947 .2084
100992 .2126
102016 .2120
103020 .2073
